$ANSIBLE_VAULT;1.1;AES256
63646266663531643037646639303232353463623531383031623662393132373732653937343831
3965626539376561343965643435633263653635626338650a383062646536666565623665383565
38383039333234613233353133663664636663613065333733306466393563306130653432666235
3761653739336133390a613836646134303130366561343935643036376239646231333866643839
64633233386565613163636533373339366164366262313036353634346236386435313435646331
34363139383639396462363663366661636663616665396333386635656538353062323332323562
33656463323233313165353165666239633238623633333761313730633631336435646237343566
62623564383438663132383462373434343063333339393761633563313931393738313964623734
31333630613530346533343135393036656666646466333737636263323865653466636664303730
61383137633638326635303535313464643237613631656365663234366363346533656437393364
63386539306639313965663437313265666432363735373661346661653364393231313963303664
39386233383865646131386564653230373630316539646338306265313338306466643739613437
33316436393139383637356534653434343166323836613066386336373332353661383961303663
38323837336336303564653136306337393565636530383539346139313566333264333131373164
35393862633135643035376638393332356335383463376231396638616133633362666564353462
37376235316464613363326563623666356537333837303461323434393066373535656461396662
65323632343136353166383966613832386136316139383661366331616361343732306664343962
63396362666232336631343066643031656430626331623934613131313264643332363064663332
62623165363532623230303664613535383561326632343931313539666463633537346661383264
64306533646330396236396534666636333865643665393836396637386331386332616332663631
39373834613631383466313431613438633539303562313264623963656466666632633530653132
36643436353031666130393865666430303732393431666333366666336538303035346137333233
33313934666366323834646462313164616230363739623731633536313036366135333833303534
64396665386563393366383630313134656463376665313166656438643363396339356631343566
64383039306238383637666336316262363263626234356362333435646166353363373231306661
66613337636138386162343231613435616333613534346130386138663130373634326234383430
62666337343462356539633765633532313464633261373637393137306635623765303562356236
31306336373063613063396432373630623532376337356537353863393635306239323236313461
34663831666430613661353466323339383035663062343739663265393363326432666530313161
39626466323966356461313739666161623035653265306263643263653463626238633931393165
30633530616337633936613362353066343630306437616631313665656235636237376261656530
31363966396534373639363938393063343335636161333237356138386631363661656661333133
32613662393632613035363739363339343631353464663063353332653434333439343631613735
33323936383832663431616666393765316439613634393563343366663133346439303038613864
63616134626365363834316134393035326562353866633563323863623564346466303635646331
31363265663461313530396365363739653731326363316236383062313364353736393839623735
36333130393238346239303164613934343238653838383438623032616664613061316665373738
65393464363464303834653839363834623536613332306263666463316261633130313265393331
37343335313035326339396239623665383535373432633637653933663163363766346638643334
37393130303264343133613138376662353436333866623534393361346233356538643830313062
36343634343664393136376336646465333265353238356532383834613936326266376139616362
32663731653937616630396464396431633766323436653666363037633430303438333164666433
39376163323136613333303461653739313163343134623962396336396131653961633238326364
30326161323431633264623335373131333261383038373836383839313266386262616135313461
32643464613331636662353161613365333134306534343831613732623034643966383466643036
30656262383362336639393039663037366534653761616236323639633064653866653566643365
34643738643333336266343734353064336164353237663964363536633339656134376535376165
38656534323834333666
